M,00000000,00000000,00000001
M,00010000,00000000,00000001
M,00010001,10000000,00000000

M,10000000,01000001,00010000,
M,10000001,01000010,00010001,
M,10000010,00100000,10010000,

M,10010000,01000000,00000000,
M,10010001,11101000,00000001,
M,10010010,00101000,10100000,
M,10010011,11101000,00000010,
M,10010100,00101000,10110000,
M,10010101,11100111,00000000,
M,10010110,00101000,11000000,
M,10010111,00100000,11010000,

M,10100000,01101111,00000000,
M,10100001,00100000,10010011,

M,10110000,01101111,00000001,
M,10110001,00100000,10010101,

M,11000000,01000000,00000000,
M,11000001,10001000,00000001,
M,11000010,01010000,00000000,
M,11000011,00100000,10010000

M,11010000,01000000,00000000,
M,11010001,10001000,00001111
M,11010010,01010000,00000000,
M,11010011,00100000,10010000,

P,10000000