M,00001111,00000001,00000000,
M,00010000,01011001,00000010,
M,00010001,11001010,00000000,
M,00010010,01011000,00000010,
M,00010011,11001011,00000000,
M,00010100,11100011,00000000,
M,00010101,00110000,00010000,
M,00010110,01101010,00000101,
M,00010111,01101011,00000100,
M,00011000,01101100,00000110,
M,00011001,01101101,00000001,
M,00011010,01101110,00000101,
M,00011011,01001000,00000010,
M,00011100,01011000,00000011,
M,00011101,01011000,00000100,
M,00011110,11000010,00000000,
M,00011111,11000011,00000000,
M,00100000,11001100,00000000,
M,00100001,11001101,00000000,
M,00100010,11100101,00000000,
M,00100011,00110000,00011011,
M,00100100,01110001,00000000,
M,00100101,10000000,00000001,
M,00100110,10010001,00000001,
M,00100111,10110000,00000001,
M,00101000,01010000,00000101,
M,00101001,11001110,00000000,
M,00101010,01101101,00000110,
M,00101011,11011101,01010110,
M,00101100,11011010,00100101,
M,00101101,11011011,00110101,
M,00101110,11010100,01000101,
M,00101111,11100110,00000000,
M,00110000,00110000,00011011,
P,00010000,
C,0,
R,000,0000000100000000,
R,010,0000000000001111,
R,011,0000000000001010,
