M,00000111,00000000,10110111,
以下プログラム
M,00010000,01000000,00000111,
M,00010001,01101111,00001000,
M,00010010,10001000,00000001,
M,00010011,01010000,00000111,
M,00010100,11001111,00000000,
M,00010101,11100111,00000000,
M,00010110,00110010,00000100,
M,00010111,01000000,00000111,
M,00011000,01101111,00001000,
M,00011001,10001000,11111111,
M,00011010,01010000,00000111,
M,00011011,11001111,00000000,
M,00011100,11100111,00000000,
M,00011101,00110010,00000100,
M,00011110,00100000,00010001,
P,00010000,
