M,00000000,00111100,00000000,
M,00000001,01000010,00000000,
M,00000010,10100101,00000000,
M,00000011,10100101,00000000,
M,00000100,10000001,00000000,
M,00000101,10111101,00000000,
M,00000110,01000010,00000000,
M,00000111,00111100,00000000,
M,00010000,01000000,00000000,
M,00010001,01000001,00000001,
M,00010010,01000010,00000010,
M,00010011,01000011,00000011,
M,00010100,01000100,00000100,
M,00010101,01000101,00000101,
M,00010110,01000110,00000110,
M,00010111,01000111,00000111,
M,00011000,10001000,00001111,
M,00011001,10001001,00001111,
M,00011010,10001010,00001111,
M,00011011,10001011,00001111,
M,00011100,10001100,00001111,
M,00011101,10001101,00001111,
M,00011110,10001110,00001111,
M,00011111,10001111,00001111,
M,00100000,01010000,00000000,
M,00100001,01010001,00000001,
M,00100010,01010010,00000010,
M,00100011,01010011,00000011,
M,00100100,01010100,00000100,
M,00100101,01010101,00000101,
M,00100110,01010110,00000110,
M,00100111,01010111,00000111,
M,00101000,00100000,00010000,
M,00110000,00000000,00010000,
P,00010010,
C,0,
R,000,0011110000000000,
R,001,0100001000000000,
R,010,1010010100000000,
R,011,1010010100000000,
R,100,1000000100000000,
R,101,1011110100000000,
R,110,0100001000000000,
R,111,0011110000000000,
