M,00000000,11111111,00000000,
M,00000001,11111111,00000000,
M,00000010,11111111,00000000,
M,00000011,11111111,00000000,
M,00000100,11111111,00000000,
M,00000101,11111111,00000000,
M,00000110,11111111,00000000,
M,00000111,00001011,11001111,
M,00001000,00001011,11111111,
M,00001001,00000101,01011111,
M,00001010,11111111,00000000,
M,00001011,11111111,00000000,
M,00001100,11111111,00000000,
M,00001101,11111111,00000000,
M,00001110,11111111,00000000,
M,00001111,11111111,00000000,
M,00010000,11111111,01001100,
M,00010001,11111111,01001111,
M,00010010,11111111,10100101,
M,00100000,01000000,00010000,
M,00100001,01000001,00010001,
M,00100010,01000010,00010010,
M,00100011,01000111,00000000,
M,00100100,10001000,00000001,
M,00100101,10001001,00000001,
M,00100110,10001010,00000001,
M,00100111,10111011,00000111,
M,00101000,10111100,00010111,
M,00101001,10111101,00100111,
M,00101010,01010011,00000111,
M,00101011,01010100,00001000,
M,00101100,01010101,00001001,
M,00101101,00100010,00001001,
P,00101000,
C,0,
R,000,1110100110011111,
R,001,1110100111111111,
R,010,1111010010111111,
R,011,0001011010011111,
R,100,0000101111111111,
R,101,0000010101011111,
R,111,1111111100000000,
