M,00000000,11111111,11111111,
M,00000001,10000000,00000001,
M,00000010,11000000,00000011,
M,00000011,11000001,00000011,
M,00000100,11000001,10000011,
M,00000101,11001111,11110011,
M,00000110,11001011,11010011,
M,00000111,11001011,11010011,
M,00001000,11001011,11010011,
M,00001001,11001011,11010011,
M,00001010,11000010,11000011,
M,00001011,11000010,01000011,
M,00001100,11000100,00100011,
M,00001101,11000000,00000011,
M,00001110,10000000,00000001,
M,00001111,11111111,11111111,
M,00010000,01010000,00000110,
M,00010001,01010010,00001100,
M,00010010,01010000,00000111,
M,00010011,01010011,00001100,
M,00010100,01010000,00001000,
M,00010101,01010010,00001100,
M,00010110,01010000,00001001,
M,00010111,01010011,00001100,
M,00011000,01010001,00000110,
M,00011001,01010010,00001100,
M,00011010,01010001,00000111,
M,00011011,01010011,00001100,
M,00011100,01010001,00001000,
M,00011101,01010010,00001100,
M,00011110,01010001,00001001,
M,00011111,01010011,00001100,
M,00100000,00100000,00010000,
P,00010000,
C,0,
R,000,1101001111001011,
R,001,1100101111010011,
R,010,1100001001000011,
R,011,1100010000100011,
