M,00000011,00000000,00000100,
M,00000100,00000000,00001100,
M,00000101,00000000,00111001,
M,00000110,00000000,11111111,
M,00000111,00000000,00111001,
M,00001000,00000000,00001100,
M,00001001,00000000,00000100,
M,00010000,01000000,00000011,
M,00010001,01000001,00000100,
M,00010010,01000010,00000101,
M,00010011,01000011,00000110,
M,00010100,01000100,00000111,
M,00010101,01000101,00001000,
M,00010110,01000110,00001001,
M,00010111,10001000,00000001,
M,00011000,10001001,00000001,
M,00011001,10001010,00000001,
M,00011010,10001011,00000001,
M,00011011,10001100,00000001,
M,00011100,10001101,00000001,
M,00011101,10001110,00000001,
M,00011110,01010000,00000011,
M,00011111,01010001,00000100,
M,00100000,01010010,00000101,
M,00100001,01010011,00000110,
M,00100010,01010100,00000111,
M,00100011,01010101,00001000,
M,00100100,01010110,00001001,
M,00100101,00100000,00010000,
P,00100101,
C,0,
R,000,0000000000001000,
R,001,0000000000011000,
R,010,0000000001110010,
R,011,0000000111111110,
R,100,0000000001110010,
R,101,0000000000011000,
R,110,0000000000001000,
